0	3.070113457325395	2.9351607540160285	0.06831389817507451	-0.8976420223288685
1	3.9943096980719885	3.290765381038855	0.35749791532351943	-2.235524191684688
2	4.534929842216208	-1.027452188800673	-4.417003962637239	-0.00258216938960533
3	4.918505938818583	0.003956966127093963	0.47630113226103127	4.895387854299145
4	5.216030673904195	-1.50024276974386	-4.407358326355104	-2.3519014022805136
5	5.459126082962801	-2.6876784609002065	4.324158586916331	-1.9697955720570648
6	5.6646603227324785	-3.3088167653308846	-4.00088286204174	-2.265622322812343
7	5.842702179565176	5.474610716015691	-0.43943949945560773	-1.993163112617723
8	5.999746227107021	0.15360273647914616	-0.9507686065223593	5.9219422528324825
9	6.140226914650789	-2.4057203175005184	5.221829808588398	-2.155780547157991
10	6.267307154389889	-3.493719570594812	-4.613697252000041	-2.4055893657057843
11	6.383322323709395	-2.4304428761132457	-5.073288693945434	-3.0168681015587206
12	6.4900459339407774	5.929144129919467	0.833251967830038	-2.5043237149797792
13	6.588856563479073	-3.0914197523489957	-5.73497897503286	-0.982939919231457
14	6.680847058795008	6.451839808944358	-1.2034507793119162	-1.2486739864769407
15	6.76689842031177	-1.3411438456625717	-6.4186476503522405	-1.6712898481971923
16	6.84773124940035	-1.306659685718494	-4.3432387215941075	-5.130335382504511
17	6.923942467853614	-2.9025704921315514	-6.2608538307665915	-0.5637137093679593
18	6.996032096213982	-0.897412677237708	0.07313276452656524	6.937850328217093
19	7.064423155397383	6.497328733051815	0.7689103931187233	-2.664501953560567
20	7.129476707623292	-1.3477881057428367	-6.450200100824097	-2.7217318027112904
21	7.191503395136483	-3.799626837682403	-5.895227692530156	-1.5896060612141432
22	7.250772411897595	-3.3354391595932307	6.138205997299864	-1.9418994094698123
23	7.3075185644559895	-1.1310236039210175	-7.137291700685567	-1.086130911339551
24	7.361947890482995	6.694182365442338	2.5019860614085427	-1.7681246983471404
25	7.41424217468737	-5.4041450927575845	-3.9209448646979785	-3.2237236558575524
26	7.464562611997833	-3.706502697865319	5.857033180262999	-2.77068494500029
27	7.513052804225666	-2.6981210869511334	6.523251866616734	-2.571631801777622
28	7.559841230640693	-2.4876358166168444	6.629446601748188	-2.6482645696662317
29	7.605043299541602	0.4518290838255516	-0.2738404448954428	7.586668931596489
30	7.648763063305589	6.541676675512519	1.5419065092298367	-3.651378779096731
31	7.691094661058363	7.244032460670565	-1.7113990034120141	-1.9359866335364813
32	7.7321235392807015	7.277473844273501	-0.48078608056844613	-2.567674749134993
33	7.771927490146943	-4.995750081621101	-5.686860660230176	-1.7620879277751602
34	7.810577539311279	-0.3715285890411773	-1.80572073137372	7.589892004857912
35	7.848138708600208	0.020585846976972036	-1.2567789079902476	7.74682929905933
36	7.88467067418436	7.569126442948529	-0.60844904843139	-2.1227685428381347
37	7.920228336960575	-2.4484948172048675	-5.206329535844548	-5.443254798730891
38	7.954862318831589	-4.225156324886798	6.526057875910585	-1.6847721335840198
39	7.988619396143976	-4.063318011511865	-6.557035279924227	-2.076722160424948
40	8.021542879597805	-2.358850915894105	-5.949411583451267	-4.835853010225573
41	8.053672948369886	-5.5499901796512106	-5.795424273716589	-0.6872513751870766
42	8.085046944916812	7.334402802383349	-2.3133660348950063	-2.494565537822999
43	8.115699635883075	-0.07173009338819314	-7.24135035970146	-3.663643042331877
44	8.145663443685821	-2.2778096231520126	-7.227502714031502	-2.9877450990911094
45	8.174968652644187	-3.601408189776839	6.563372101366385	-3.283613585872865
46	8.203643592938805	-4.530931361332807	-5.987097678431517	-3.3053124795965534
47	8.231714805202582	-2.4055462031225896	-7.48759754236685	-2.4311230208230405
48	8.259207188139563	7.921999118711453	1.1696589304357812	-2.0219622464831115
49	8.28614413122959	8.239843019586894	0.6551235178051539	-0.5796419174750181
50	8.312547634291162	-3.6832146534389762	6.8978091345395685	-2.8200367253840004
51	8.338438415433965	-1.864608652627081	-7.861649951569778	2.060885688124417
52	8.363836008728224	-4.705651126850444	6.190955843685158	-3.0793937706650274
53	8.388758852744427	-4.180615809855214	7.2186908744996705	-0.8855668231713608
54	8.41322437096869	-4.915370288551888	-5.9037811622005965	-3.4302838412481576
55	8.43724904497226	7.981747277455928	0.7713462762922253	-2.623720024652083
56	8.460848481104795	-5.525921785039347	5.768977525556366	-2.78730044226783
57	8.484037471387287	7.718344563225836	-1.3300898525573424	-3.2614276020402135
58	8.506830049199687	-1.726301514063441	0.0491636526892177	8.329683277518022
59	8.529239540288195	-3.240732934549707	7.580954888912639	-2.1851087283730415
60	8.551278609556476	-5.992580425887416	-4.996613389993983	-3.499600024068748
61	8.572959304052183	-3.8183190788400814	7.26062819195828	-2.489849171986419
62	8.594293092514105	8.052231738833566	1.6770118511639756	-2.4922016441717902
63	8.615290901804956	8.206369137511798	2.322079937787188	-1.2192980210528437
64	8.635963150519578	-5.84813694598007	-6.32364738025254	-0.6250100866546949
65	8.656319780027294	2.06642804401715	2.3984359625736573	8.056627843361298
66	8.676370283180015	-1.7946376041312113	-0.3042834724576741	8.483282898092964
67	8.696123730893538	8.175224544413343	-1.8953362276947978	-2.2794675201500754
68	8.715588796788408	8.575485094257731	0.8762457102472839	-1.2863657831815305
69	8.734773780057873	-3.852273207245419	-5.071235579887468	-5.978196535645933
70	8.753686626713815	-3.7056874121293384	-6.409028621258375	-4.671109342991812
71	8.772334949346801	-4.771446935845839	6.597797965104783	-3.264386100570498
72	8.790726045523249	8.05781371062159	0.2830231218342723	-3.5026276600384874
73	8.808866914930954	8.731794692311862	-0.9996304355087299	-0.5938322731917883
74	8.826764275373808	8.356065039228271	0.0465960598223487	-2.843549443989209
75	8.84442457770717	0.4849452334470699	0.2100842087374961	8.828620439035006
76	8.861854019796974	-3.5187810219536897	-7.749584245342558	-2.4687204807488325
77	8.879058559578183	-2.743856892154599	7.702249331268943	-3.4618326791977467
78	8.896043927281424	-3.460886387480134	-8.078303749375475	-1.379446085173849
79	8.912815636890569	-6.094607795565297	-5.692778742287224	-3.144250083374166
80	8.929378996888646	-4.664821493212414	6.721787297831542	-3.576426320959254
81	8.945739120344399	-2.7269374095674745	-8.391649968457958	-1.4731841637898793
82	8.961900934387526	-4.208158516414168	-7.1654641539620965	-3.3560681931079985
83	8.977869189116479	-4.332037486153305	7.007217593595806	-3.5685414375415268
84	8.99364846597915	-4.718269269901721	-7.513348012035114	-1.4741945178157936
85	9.009243185663404	-4.2921922744444485	7.026302138957829	-3.657133646682679
86	9.024657615531506	-4.3502660847667505	-7.75535342134665	-1.5408190611832953
87	9.03989587662967	-4.786647709002583	6.659268089920504	-3.802876500331424
88	9.05496195030158	-3.560528118935855	7.166545397680413	-4.2374051610227434
89	9.069859684432414	0.030358045642972547	-0.5697457217576215	9.051896094017875
90	9.084592799347861	-5.702519820818898	-5.852088336285863	-3.9704100704382665
91	9.099164893390782	-3.5528022965745096	6.992395813793724	-4.612894794140679
92	9.113579448196402	8.754775050909839	1.439766654351108	-2.0828624888775225
93	9.1278398336854	-0.17771377087079812	0.8565407125513296	9.085824995717168
94	9.141949312792782	-0.64482627271172	-7.296929452583241	-5.469392734089993
95	9.155911045949177	8.438763515198268	1.1404814643755958	-3.364116443482362
96	9.169728095329905	-1.8041724334006541	2.3375241731469774	8.681293446992408
97	9.183403428886157	-0.13992257211835882	0.31954244915991176	9.176775731959168
98	9.196939924171515	8.21264622999214	-2.1790799194203943	-3.519624493407588
99	9.210340371976184	-4.441618048198699	-7.084446181848878	-3.8617381032453273
